Id,last_name,first_name,risk_sub_artist,patient_power,spray_and_pray,pressure_wrestler,head_hunt_wrestler,glass_cannon,stand_and_bang,scrappy_guard,chinny_wrestler,tactician
28,Adesanya,Israel,0.060310,0.153375,0.146231,0.052236,0.106678,0.082054,0.131566,0.137755,0.000000,0.129794
33,Akhmedov,Omari,0.083223,0.095012,0.157022,0.089289,0.185948,0.038703,0.113159,0.123278,0.000000,0.114365
67,Alcantara,Iuri,0.122908,0.127033,0.124785,0.096922,0.143112,0.063588,0.079195,0.126329,0.000000,0.116128
127,Aldana,Irene,0.110863,0.158803,0.108976,0.074863,0.090319,0.113934,0.100375,0.146153,0.000000,0.095715
318,Aldo,Jose,0.074945,0.118414,0.140803,0.055341,0.103836,0.082003,0.163545,0.150250,0.000000,0.110864
216,Almeida,Ricardo,0.150944,0.099771,0.101615,0.099336,0.100502,0.105626,0.093248,0.159999,0.000000,0.088958
61,Almeida,Thomas,0.087573,0.103517,0.182033,0.068284,0.153615,0.039751,0.132071,0.125185,0.000000,0.107971
326,Alves,Warlley,0.057777,0.094528,0.023660,0.155774,0.088863,0.146031,0.000000,0.079549,0.232942,0.120876
71,Alves,Thiago,0.079050,0.096073,0.134710,0.071310,0.112632,0.077869,0.147758,0.165438,0.000000,0.115161
319,Alvey,Sam,0.023154,0.135658,0.092678,0.085455,0.125844,0.100104,0.108999,0.155065,0.000000,0.173044
200,Amirkhani,Makwan,0.125399,0.076820,0.166873,0.112086,0.200366,0.004869,0.091603,0.111289,0.000000,0.110696
300,Anders,Eryk,0.128129,0.104123,0.109326,0.075788,0.097055,0.101215,0.143106,0.155132,0.000000,0.086125
135,Anderson,Corey,0.086880,0.084170,0.137386,0.102656,0.195578,0.037145,0.113189,0.119537,0.000000,0.123458
153,Andrade,Jessica,0.219049,0.071900,0.080525,0.135510,0.125530,0.077919,0.089879,0.127083,0.000000,0.072604
165,Arantes,Felipe,0.032332,0.145493,0.109308,0.063292,0.084621,0.130075,0.088448,0.174770,0.000000,0.171662
80,Arlovski,Andrei,0.091840,0.042070,0.000000,0.246443,0.088425,0.143479,0.010719,0.108936,0.152363,0.115725
65,Assuncao,Raphael,0.030947,0.064274,0.019540,0.219719,0.111038,0.116576,0.000000,0.103731,0.160782,0.173393
126,Aubin-Mercier,Olivier,0.094549,0.101741,0.162968,0.056868,0.124601,0.058776,0.177377,0.126864,0.000000,0.096257
280,Bader,Ryan,0.096575,0.112382,0.154742,0.058621,0.111610,0.070926,0.166716,0.134115,0.000000,0.094313
64,Barao,Renan,0.054453,0.113685,0.175589,0.062399,0.142592,0.049959,0.120676,0.136134,0.000000,0.144512
246,Barberena,Bryan,0.094513,0.044989,0.000000,0.219110,0.073798,0.162808,0.006452,0.097106,0.192642,0.108581
145,Barboza,Edson,0.084337,0.141191,0.128244,0.057361,0.097592,0.095227,0.150557,0.144997,0.000000,0.100494
257,Barnett,Josh,0.070814,0.125144,0.130673,0.064141,0.114941,0.079579,0.145219,0.148425,0.000000,0.121063
32,Baroni,Phil,0.146955,0.146025,0.000000,0.113950,0.035131,0.254375,0.085130,0.133081,0.028633,0.056719
148,Barry,Pat,0.099684,0.100200,0.147706,0.061335,0.117387,0.066038,0.182486,0.133619,0.000000,0.091545
277,Barzola,Enrique,0.000000,0.118452,0.103919,0.123024,0.162063,0.047676,0.027282,0.101765,0.089036,0.226783
305,Bektic,Mirsad,0.033980,0.087412,0.000000,0.146098,0.042021,0.255618,0.031179,0.129540,0.144462,0.129690
92,Belcher,Alan,0.071343,0.081986,0.134152,0.095495,0.171384,0.048407,0.126086,0.139903,0.000000,0.131243
23,Belfort,Vitor,0.112787,0.218670,0.096853,0.065490,0.097756,0.117711,0.099407,0.107805,0.000000,0.083520
189,Benavidez,Joseph,0.128031,0.114892,0.142620,0.063995,0.117640,0.071554,0.163099,0.121414,0.000000,0.076756
95,Benitez,Gabriel,0.141640,0.083879,0.137080,0.101198,0.147876,0.048770,0.136121,0.124659,0.000000,0.078777
162,Bermudez,Dennis,0.163459,0.026863,0.000000,0.223806,0.080218,0.182369,0.039910,0.179443,0.012899,0.091032
62,Bisping,Michael,0.147138,0.056880,0.000000,0.168570,0.040475,0.217160,0.025596,0.112977,0.152104,0.079100
230,Blachowicz,Jan,0.067885,0.116592,0.095737,0.079444,0.085254,0.148796,0.103869,0.184434,0.000000,0.117989
391,Blaydes,Curtis,0.055571,0.110436,0.138380,0.070605,0.148818,0.063262,0.149305,0.128124,0.000000,0.135498
315,Bocek,Mark,0.154822,0.079484,0.103686,0.117088,0.128656,0.075317,0.095036,0.144539,0.000000,0.101371
294,Boetsch,Tim,0.015619,0.105551,0.104257,0.083554,0.137707,0.089554,0.109469,0.159673,0.000000,0.194615
290,Bonnar,Stephan,0.073842,0.143296,0.086048,0.079014,0.084091,0.138580,0.096652,0.168156,0.000000,0.130321
248,Borg,Ray,0.074773,0.112105,0.138001,0.082658,0.140009,0.064151,0.103961,0.152362,0.000000,0.131979
284,Brandao,Diego,0.052597,0.083723,0.143876,0.118160,0.224241,0.017049,0.076541,0.118962,0.000000,0.164852
227,Brenneman,Charlie,0.116941,0.112051,0.122193,0.081453,0.140666,0.074698,0.126992,0.125310,0.000000,0.099696
291,Brown,Randy,0.061528,0.106817,0.168511,0.065403,0.155057,0.044532,0.130893,0.127215,0.000000,0.140044
69,Brown,Matt,0.097122,0.099167,0.132411,0.076614,0.122505,0.073880,0.132842,0.162062,0.000000,0.103398
74,Browne,Travis,0.074516,0.110172,0.151639,0.076077,0.134265,0.065618,0.127063,0.143533,0.000000,0.117117
261,Brunson,Derek,0.114989,0.087425,0.129863,0.082868,0.114995,0.078384,0.128668,0.162132,0.000000,0.100677
226,Burgos,Shane,0.070384,0.135447,0.167353,0.059425,0.132254,0.058169,0.133631,0.125128,0.000000,0.118209
160,Burkman,Joshua,0.000000,0.066102,0.065148,0.144974,0.164301,0.085382,0.036458,0.140320,0.057332,0.239984
49,Burns,Gilbert,0.000000,0.116657,0.125155,0.087921,0.148362,0.056319,0.065849,0.157431,0.001881,0.240424
178,Caceres,Alex,0.100332,0.098730,0.119851,0.085104,0.128293,0.076057,0.133071,0.153322,0.000000,0.105239
223,Calvillo,Cynthia,0.228327,0.054601,0.000000,0.177904,0.061687,0.191471,0.047288,0.126750,0.060672,0.051299
157,Camozzi,Chris,0.107219,0.124561,0.114037,0.060084,0.090779,0.106174,0.165649,0.141018,0.000000,0.090480
29,Cannonier,Jared,0.075282,0.147028,0.144470,0.059168,0.113024,0.076314,0.125958,0.143100,0.000000,0.115657
136,Caraway,Bryan,0.071466,0.140631,0.141696,0.071350,0.125285,0.070177,0.097057,0.140878,0.000000,0.141459
263,Cariaso,Chris,0.003705,0.174698,0.000000,0.080103,0.003730,0.282925,0.037878,0.121968,0.153868,0.141125
123,Carlos Junior,Antonio,0.178885,0.112899,0.081318,0.092809,0.091866,0.124986,0.137800,0.127475,0.000000,0.051963
120,Carmouche,Liz,0.077941,0.092951,0.171988,0.069370,0.143419,0.050338,0.142506,0.135863,0.000000,0.115624
138,Casey,Cortney,0.087839,0.102366,0.183929,0.066880,0.146242,0.043600,0.132815,0.128383,0.000000,0.107946
322,Castillo,Danny,0.094442,0.176219,0.075340,0.096133,0.096530,0.139496,0.091737,0.136198,0.000000,0.093906
8,Cejudo,Henry,0.008278,0.134560,0.144898,0.060399,0.140171,0.060240,0.102176,0.137846,0.000000,0.211432
39,Cerrone,Donald,0.075032,0.132845,0.142433,0.052411,0.110296,0.082679,0.162235,0.132981,0.000000,0.109088
288,Chiesa,Michael,0.086967,0.107232,0.120990,0.071574,0.115407,0.085683,0.143065,0.159729,0.000000,0.109354
356,Chookagian,Katlyn,0.070365,0.069343,0.000000,0.176061,0.041588,0.228501,0.010998,0.127612,0.167609,0.107923
152,Cirkunov,Misha,0.082704,0.090155,0.112456,0.092798,0.116169,0.085321,0.110429,0.179691,0.000000,0.130276
309,Clark,Devin,0.101493,0.100921,0.156043,0.069377,0.134408,0.055314,0.158495,0.130320,0.000000,0.093628
183,Clementi,Rich,0.097753,0.115029,0.170643,0.060739,0.132403,0.052626,0.141365,0.126892,0.000000,0.102551
220,Collier,Jake,0.150379,0.028140,0.024085,0.264656,0.121228,0.103608,0.000000,0.121046,0.084336,0.102523
388,Condit,Carlos,0.067951,0.086216,0.108747,0.087708,0.113719,0.091070,0.115077,0.178999,0.000000,0.150512
339,Cormier,Daniel,0.091890,0.055621,0.079122,0.187460,0.174495,0.066418,0.070671,0.149322,0.000000,0.125000
151,Correia,Bethe,0.081762,0.084299,0.102063,0.081486,0.105408,0.106406,0.161222,0.165251,0.000000,0.112103
238,Cote,Patrick,0.099715,0.104340,0.114689,0.078038,0.107508,0.092020,0.124431,0.169544,0.000000,0.109716
17,Couture,Randy,0.032764,0.063310,0.009623,0.169938,0.070946,0.147182,0.000000,0.081276,0.287172,0.137788
342,Covington,Colby,0.075985,0.097361,0.074141,0.113722,0.105935,0.128029,0.100594,0.177443,0.000000,0.126789
359,Craig,Paul,0.091601,0.081851,0.123851,0.108780,0.181255,0.045961,0.116211,0.130198,0.000000,0.120293
140,Cruickshank,Daron,0.063584,0.069797,0.012877,0.178859,0.072283,0.143460,0.000000,0.074979,0.272238,0.111923
109,Cummings,Zak,0.279530,0.041217,0.030956,0.219068,0.132966,0.085898,0.034943,0.117850,0.000000,0.057572
352,Cummins,Patrick,0.101000,0.110038,0.161450,0.067094,0.143616,0.056713,0.133043,0.127658,0.000000,0.099387
312,Cutelaba,Ion,0.116295,0.095146,0.093049,0.157517,0.162409,0.061073,0.069033,0.131447,0.000000,0.114032
199,Danzig,Mac,0.059353,0.106439,0.136219,0.059248,0.103531,0.088588,0.146083,0.166459,0.000000,0.134079
13,Dariush,Beneil,0.000000,0.116373,0.079685,0.106866,0.129295,0.095247,0.049340,0.133122,0.039997,0.250076
270,Davis,Marcus,0.092385,0.114393,0.181697,0.060548,0.143056,0.046769,0.134949,0.125643,0.000000,0.100559
111,Davis,Alexis,0.034984,0.104854,0.144927,0.104152,0.152783,0.060184,0.056574,0.166606,0.000000,0.174937
215,Davis,Phil,0.172633,0.080509,0.107431,0.087475,0.105100,0.090584,0.125670,0.143986,0.000000,0.086611
173,Di Chirico,Alessio,0.086107,0.098069,0.152460,0.080865,0.177875,0.045410,0.118948,0.126242,0.000000,0.114024
75,Diakiese,Marc,0.155318,0.099699,0.141555,0.082437,0.121747,0.064690,0.118311,0.130889,0.000000,0.085354
381,Diaz,Nick,0.001064,0.223871,0.110336,0.050577,0.086176,0.126910,0.067464,0.143895,0.000000,0.189708
195,Diaz,Nate,0.065640,0.072456,0.090363,0.130237,0.136986,0.090293,0.078250,0.188412,0.000000,0.147362
295,Dillashaw,TJ,0.000000,0.176204,0.074575,0.094842,0.136638,0.109632,0.070725,0.115648,0.036719,0.185017
119,Dober,Drew,0.000000,0.079263,0.040061,0.133787,0.075211,0.165612,0.032704,0.153264,0.104258,0.215840
228,Dodson,John,0.067296,0.128195,0.115973,0.070989,0.110341,0.091959,0.130871,0.159606,0.000000,0.124772
134,Dollaway,CB,0.000000,0.075225,0.090768,0.137794,0.169015,0.056392,0.049349,0.106749,0.105798,0.208910
154,Dos Anjos,Rafael,0.088755,0.109071,0.153130,0.055538,0.112172,0.071784,0.174362,0.134484,0.000000,0.100704
144,Dos Santos,Junior,0.000000,0.088572,0.061119,0.132308,0.105552,0.105843,0.028140,0.109039,0.148694,0.220734
354,Dunham,Evan,0.153656,0.066783,0.000000,0.135844,0.041562,0.251225,0.050946,0.177528,0.008172,0.114281
373,Edgar,Frankie,0.082483,0.049569,0.007559,0.221719,0.079705,0.176213,0.000000,0.160764,0.095579,0.126409
137,Edwards,Yves,0.136506,0.088520,0.137597,0.075490,0.116909,0.068482,0.162033,0.136118,0.000000,0.078345
372,Edwards,Leon,0.094692,0.144450,0.126286,0.055534,0.097227,0.094175,0.163729,0.131909,0.000000,0.091997
219,Elkins,Darren,0.066273,0.125250,0.162074,0.054046,0.114568,0.071263,0.143552,0.142329,0.000000,0.120645
334,Ellenberger,Jake,0.000000,0.101585,0.037114,0.111205,0.105669,0.169258,0.084077,0.178144,0.007931,0.205018
297,Elliott,Tim,0.074088,0.066915,0.087376,0.165730,0.161209,0.061985,0.033712,0.162961,0.000000,0.186023
392,Emmett,Josh,0.085771,0.112976,0.154077,0.057120,0.124359,0.066112,0.171609,0.128260,0.000000,0.099715
196,Escudero,Efrain,0.125802,0.121689,0.037032,0.193785,0.112520,0.138313,0.026935,0.143248,0.000000,0.100676
338,Esparza,Carla,0.013185,0.102128,0.108254,0.175875,0.250911,0.000000,0.002021,0.104881,0.025071,0.217674
76,Etim,Terry,0.078901,0.035360,0.027226,0.243065,0.137743,0.081258,0.000000,0.085365,0.176534,0.134547
93,Eubanks,Sijara,0.026748,0.065896,0.056656,0.205837,0.179111,0.052347,0.000000,0.113198,0.079792,0.220416
365,Evans,Rashad,0.076466,0.103315,0.144436,0.055799,0.109770,0.076100,0.175921,0.146815,0.000000,0.111379
383,Eye,Jessica,0.144296,0.095388,0.128300,0.081496,0.106807,0.082400,0.135563,0.147965,0.000000,0.077785
174,Faber,Urijah,0.189556,0.041801,0.026015,0.233806,0.118629,0.100650,0.000000,0.112088,0.078166,0.099289
351,Felder,Paul,0.103511,0.094468,0.166075,0.068015,0.132362,0.052811,0.157058,0.130838,0.000000,0.094863
47,Ferguson,Tony,0.046018,0.070159,0.036131,0.190565,0.112600,0.095823,0.000000,0.077696,0.222543,0.148466
341,Ferreira,Cezar,0.044749,0.187959,0.118372,0.055173,0.089050,0.116012,0.104345,0.149897,0.000000,0.134444
379,Ferreira,Diego,0.036564,0.170482,0.132179,0.056765,0.112978,0.084044,0.112433,0.137440,0.000000,0.157115
254,Figueiredo,Deiveson,0.000000,0.107621,0.114753,0.143519,0.253176,0.003207,0.024077,0.106273,0.009200,0.238174
214,Fili,Andre,0.061674,0.048635,0.012134,0.202409,0.075372,0.142400,0.000000,0.090322,0.237148,0.129906
285,Filipovic,Mirko,0.055481,0.047932,0.034538,0.257906,0.161775,0.071288,0.000000,0.105726,0.093369,0.171985
376,Fisher,Spencer,0.119472,0.090278,0.122903,0.077859,0.116331,0.077569,0.153723,0.149015,0.000000,0.092851
161,Fitch,Jon,0.104693,0.045307,0.028269,0.224532,0.115588,0.104139,0.000000,0.083386,0.178038,0.116048
301,Florian,Kenny,0.000000,0.074415,0.045103,0.184062,0.151608,0.073562,0.003067,0.074314,0.195508,0.198361
6,Font,Rob,0.102534,0.102013,0.155499,0.067419,0.126970,0.058480,0.157853,0.134482,0.000000,0.094750
260,Formiga,Jussier,0.049964,0.095338,0.160141,0.069575,0.170451,0.041796,0.133124,0.129954,0.000000,0.149659
348,Franca,Hermes,0.030769,0.078375,0.057883,0.198890,0.153681,0.081668,0.028821,0.165344,0.000000,0.204570
335,Franklin,Rich,0.037205,0.186264,0.109304,0.066221,0.115015,0.095348,0.101086,0.133566,0.000000,0.155991
364,Gadelha,Claudia,0.045645,0.184620,0.121266,0.057049,0.107346,0.095819,0.111747,0.131822,0.000000,0.144685
237,Gall,Mickey,0.106253,0.125129,0.118727,0.099705,0.131807,0.079443,0.087559,0.143303,0.000000,0.108073
308,Gamburyan,Manvel,0.067526,0.096610,0.134145,0.088638,0.164463,0.057488,0.138725,0.131751,0.000000,0.120653
336,Garbrandt,Cody,0.000000,0.139613,0.104160,0.094693,0.136069,0.102664,0.046296,0.133298,0.040179,0.203029
245,Garcia,Alex,0.067250,0.162447,0.171264,0.060359,0.153777,0.043784,0.111073,0.109309,0.000000,0.120738
208,Gastelum,Kelvin,0.299326,0.043183,0.030027,0.191098,0.085741,0.133492,0.000000,0.147765,0.019939,0.049429
344,Giagos,Christos,0.068092,0.120114,0.183272,0.055864,0.139740,0.050064,0.143080,0.123928,0.000000,0.115845
86,Gomi,Takanori,0.118920,0.092596,0.123622,0.094466,0.122259,0.089333,0.106247,0.160703,0.000000,0.091854
55,Gonzaga,Gabriel,0.000000,0.093647,0.030065,0.148638,0.088836,0.130413,0.000468,0.088646,0.216886,0.202401
258,Gouveia,Wilson,0.004642,0.131497,0.135791,0.103453,0.216206,0.019198,0.041723,0.115538,0.000000,0.231952
244,Grant,TJ,0.130769,0.105920,0.108479,0.069362,0.091568,0.109301,0.164790,0.144713,0.000000,0.075097
201,Green,Bobby,0.016932,0.171681,0.135674,0.117771,0.240757,0.006612,0.028465,0.098599,0.000000,0.183508
46,Griffin,Tyson,0.104770,0.087245,0.131111,0.093233,0.124715,0.072295,0.104810,0.161481,0.000000,0.120340
259,Griffin,Max,0.000000,0.122271,0.073922,0.111782,0.133982,0.101414,0.051275,0.110501,0.082529,0.212324
51,Grove,Kendall,0.000000,0.084180,0.063443,0.172437,0.153981,0.070956,0.019838,0.117942,0.080405,0.236817
287,Guida,Clay,0.131509,0.063662,0.046491,0.204363,0.144034,0.099331,0.039624,0.151344,0.000000,0.119642
310,Guillard,Melvin,0.076088,0.141500,0.142942,0.053761,0.102260,0.083179,0.148777,0.143453,0.000000,0.108041
88,Gustafsson,Alexander,0.069343,0.103317,0.159130,0.051140,0.108459,0.075093,0.166125,0.148951,0.000000,0.118442
147,Hall,Uriah,0.093026,0.115131,0.147770,0.084048,0.166285,0.048340,0.115664,0.120833,0.000000,0.108902
224,Hamill,Matt,0.086250,0.112356,0.142182,0.047437,0.104110,0.083467,0.189132,0.135487,0.000000,0.099579
292,Hamilton,Anthony,0.103337,0.100688,0.160493,0.078721,0.155876,0.049129,0.132210,0.124761,0.000000,0.094785
97,Hardy,Dan,0.099831,0.097982,0.140353,0.089050,0.155707,0.051747,0.125138,0.133279,0.000000,0.106913
5,Harris,Walt,0.081456,0.170702,0.150109,0.060511,0.125467,0.066415,0.124278,0.116912,0.000000,0.104150
241,Hazelett,Dustin,0.105320,0.137415,0.159345,0.073365,0.141180,0.050652,0.119247,0.118054,0.000000,0.095422
54,Henderson,Benson,0.009026,0.256076,0.069452,0.095907,0.124694,0.112487,0.000000,0.103700,0.028816,0.199842
38,Henderson,Dan,0.076772,0.190954,0.112788,0.070524,0.114868,0.094935,0.096731,0.130718,0.000000,0.111710
15,Hendricks,Johny,0.050121,0.101887,0.096866,0.114901,0.154934,0.075711,0.099054,0.146912,0.000000,0.159614
9,Herman,Ed,0.135327,0.075137,0.000000,0.157476,0.069443,0.231167,0.071580,0.161297,0.011275,0.087297
16,Hermansson,Jack,0.068460,0.084202,0.130029,0.078892,0.141218,0.069068,0.140615,0.154341,0.000000,0.133176
370,Hill,Angela,0.073338,0.135985,0.136668,0.058766,0.116518,0.079295,0.153575,0.135069,0.000000,0.110785
83,Holland,Kevin,0.037952,0.083238,0.066535,0.190706,0.210972,0.055181,0.031159,0.133160,0.000000,0.191098
31,Holloway,Max,0.085360,0.101563,0.157182,0.055280,0.119143,0.063692,0.180573,0.133465,0.000000,0.103742
143,Holm,Holly,0.067341,0.146801,0.154020,0.048849,0.109794,0.077454,0.148076,0.134893,0.000000,0.112772
347,Holtzman,Scott,0.079198,0.027928,0.000000,0.261987,0.108464,0.124099,0.000051,0.119860,0.163028,0.115384
36,Hooker,Dan,0.074782,0.118617,0.131186,0.060421,0.110225,0.084271,0.164647,0.145470,0.000000,0.110380
210,Horn,Jeremy,0.063682,0.068376,0.000000,0.176572,0.050390,0.196279,0.004628,0.103198,0.217062,0.119814
394,Howard,John,0.029031,0.124482,0.000000,0.152802,0.086550,0.203820,0.024566,0.145305,0.052623,0.180820
141,Hughes,Matt,0.104886,0.115334,0.168148,0.062966,0.127421,0.060034,0.134302,0.132079,0.000000,0.094831
368,Hunt,Mark,0.055086,0.095210,0.163154,0.082402,0.171038,0.037829,0.105754,0.137018,0.000000,0.152509
131,Iaquinta,Al,0.088742,0.046796,0.119888,0.202420,0.242465,0.000000,0.033665,0.116341,0.013370,0.136313
192,Ige,Dan,0.099629,0.200021,0.091461,0.040889,0.064171,0.173422,0.128120,0.131407,0.000000,0.070881
267,Jabouin,Yves,0.109834,0.124809,0.119726,0.103076,0.140174,0.063355,0.081160,0.134009,0.000000,0.123857
273,Jardine,Keith,0.081928,0.094260,0.157799,0.078939,0.178546,0.037110,0.131147,0.121131,0.000000,0.119140
89,Jedrzejczyk,Joanna,0.099504,0.139928,0.126300,0.084953,0.142811,0.067661,0.124758,0.116251,0.000000,0.097834
355,Jingliang,Li,0.086504,0.097736,0.113217,0.073170,0.100707,0.108029,0.150654,0.159707,0.000000,0.110275
79,Johnson,Anthony,0.067671,0.127127,0.164305,0.055815,0.123852,0.066277,0.140849,0.135886,0.000000,0.118219
118,Johnson,Michael,0.109805,0.102049,0.138152,0.073893,0.121240,0.069367,0.159926,0.138008,0.000000,0.087560
204,Johnson,Demetrious,0.091624,0.102666,0.165575,0.065094,0.127373,0.061787,0.141218,0.143516,0.000000,0.101146
73,Johnson,DaMarques,0.092808,0.152414,0.128412,0.064076,0.119040,0.093918,0.130878,0.124787,0.000000,0.093666
11,Jones,Jon,0.000000,0.123517,0.101140,0.066822,0.087452,0.129956,0.093482,0.150461,0.043953,0.203219
299,Jordan,Shawn,0.063302,0.060975,0.089010,0.113842,0.082390,0.135739,0.080124,0.217079,0.000000,0.157538
18,Jorgensen,Scott,0.090220,0.090865,0.147856,0.089197,0.169859,0.047237,0.115631,0.136062,0.000000,0.113074
114,Jotko,Krzysztof,0.075567,0.112147,0.178601,0.057474,0.127122,0.058612,0.147593,0.133515,0.000000,0.109368
314,Jouban,Alan,0.070629,0.138642,0.146977,0.060334,0.128241,0.069688,0.137411,0.131405,0.000000,0.116672
286,Jung,Chan Sung,0.083640,0.189110,0.105172,0.063634,0.088949,0.117942,0.119954,0.136713,0.000000,0.094886
14,Jury,Myles,0.035293,0.117025,0.136463,0.109526,0.169924,0.039214,0.068884,0.139920,0.000000,0.183752
207,Kampmann,Martin,0.087641,0.187731,0.117333,0.074274,0.116178,0.090293,0.109652,0.114421,0.000000,0.102477
171,Kattar,Calvin,0.059420,0.124738,0.175204,0.061145,0.148518,0.049027,0.125195,0.125267,0.000000,0.131486
180,Kelleher,Brian,0.102929,0.113351,0.106488,0.066489,0.087908,0.120043,0.149049,0.153042,0.000000,0.100700
276,Kelly,Daniel,0.061544,0.118032,0.185676,0.055669,0.141150,0.048374,0.135842,0.128524,0.000000,0.125190
231,Khabilov,Rustam,0.033941,0.080163,0.014711,0.191965,0.092582,0.136206,0.000000,0.089242,0.199340,0.161851
233,Kim,Dong Hyun,0.067418,0.116374,0.175992,0.055003,0.132766,0.056936,0.147554,0.128473,0.000000,0.119484
229,Koch,Erik,0.040647,0.091616,0.154183,0.121090,0.220863,0.008372,0.067317,0.121864,0.000000,0.174049
41,Kongo,Cheick,0.052791,0.092275,0.000000,0.135114,0.019771,0.252669,0.001647,0.116801,0.217497,0.111434
343,Koscheck,Josh,0.258091,0.086432,0.058481,0.136759,0.087208,0.121075,0.064635,0.128930,0.000000,0.058389
333,Kowalkiewicz,Karolina,0.045904,0.033175,0.005304,0.288969,0.153977,0.100348,0.000000,0.152482,0.044101,0.175740
213,Krause,James,0.016985,0.080579,0.169669,0.109231,0.200881,0.005892,0.070344,0.135728,0.000000,0.210691
25,Krylov,Nikita,0.143808,0.075438,0.000000,0.136851,0.024805,0.268361,0.056974,0.148802,0.069869,0.075092
112,LaFlare,Ryan,0.079735,0.092450,0.052075,0.227138,0.203478,0.037189,0.000000,0.113523,0.012006,0.182406
82,Lamas,Ricardo,0.137811,0.093405,0.043734,0.100562,0.039006,0.212395,0.099430,0.186431,0.000000,0.087226
279,Laprise,Chad,0.055413,0.124738,0.159015,0.046065,0.108365,0.077320,0.150828,0.144114,0.000000,0.134142
221,Larkin,Lorenz,0.076812,0.093680,0.162441,0.070600,0.139011,0.054642,0.137163,0.139052,0.000000,0.126599
358,Latifi,Ilir,0.163793,0.103097,0.100953,0.076457,0.091417,0.117759,0.131930,0.140505,0.000000,0.074089
85,Lauzon,Joe,0.099660,0.106092,0.163346,0.063492,0.125359,0.061208,0.156973,0.133296,0.000000,0.090573
374,Lawler,Robbie,0.119519,0.092267,0.154694,0.072292,0.131002,0.057923,0.151243,0.132620,0.000000,0.088441
113,Lawlor,Tom,0.039275,0.111749,0.134332,0.079723,0.155578,0.061075,0.102275,0.144019,0.000000,0.171974
328,Leben,Chris,0.101470,0.095464,0.151845,0.061044,0.119985,0.064835,0.182990,0.131824,0.000000,0.090543
367,Lee,Kevin,0.041173,0.129524,0.096154,0.098596,0.127724,0.092453,0.079380,0.156308,0.000000,0.178687
316,Leites,Thales,0.232532,0.062565,0.065412,0.132545,0.093548,0.115344,0.090078,0.147840,0.000000,0.060137
164,Lentz,Nik,0.088658,0.093558,0.151223,0.077408,0.151445,0.051511,0.145185,0.133378,0.000000,0.107636
327,Lewis,Derrick,0.000000,0.119965,0.033953,0.127760,0.077981,0.167564,0.032375,0.110971,0.137222,0.192210
247,Liddell,Chuck,0.111770,0.126101,0.128250,0.076311,0.114535,0.086961,0.115683,0.148930,0.000000,0.091458
357,Lima,Dhiego,0.167255,0.037065,0.000000,0.194045,0.074245,0.188409,0.046627,0.141396,0.061259,0.089701
22,Lindland,Matt,0.051051,0.052639,0.005239,0.179502,0.069568,0.150762,0.000000,0.072834,0.297407,0.120997
283,Lineker,John,0.091120,0.114867,0.144369,0.073122,0.154047,0.055934,0.132108,0.124548,0.000000,0.109885
340,Lombard,Hector,0.097748,0.094641,0.172867,0.070137,0.148336,0.043226,0.143441,0.126497,0.000000,0.103107
159,Luque,Vicente,0.062728,0.051320,0.000982,0.192257,0.063463,0.164238,0.000000,0.084475,0.263215,0.117322
217,Lytle,Chris,0.111631,0.049369,0.083083,0.180766,0.189919,0.051767,0.069547,0.139497,0.000000,0.124421
306,MacDonald,Rory,0.081844,0.165419,0.153915,0.068656,0.131521,0.058087,0.101586,0.121256,0.000000,0.117716
63,MacDonald,Jason,0.073682,0.105243,0.173141,0.060265,0.141111,0.052821,0.151956,0.126363,0.000000,0.115418
386,Machida,Lyoto,0.024249,0.051828,0.021326,0.209541,0.100731,0.111538,0.000000,0.089405,0.237499,0.153885
197,Magny,Neil,0.134393,0.093337,0.068850,0.110028,0.085561,0.137915,0.102712,0.172858,0.000000,0.094345
94,Maia,Demian,0.125109,0.103709,0.153925,0.065388,0.116186,0.065700,0.147087,0.134036,0.000000,0.088859
282,Makdessi,John,0.063195,0.180330,0.111753,0.074656,0.128876,0.090292,0.077916,0.133474,0.000000,0.139509
56,Makhachev,Islam,0.064958,0.119117,0.122213,0.055370,0.093973,0.105619,0.156805,0.162052,0.000000,0.119892
43,Maldonado,Fabio,0.115641,0.094634,0.089530,0.065309,0.067672,0.151363,0.160969,0.167142,0.000000,0.087740
40,Manuwa,Jimi,0.072071,0.164245,0.086821,0.043547,0.054963,0.196010,0.121650,0.159960,0.000000,0.100732
106,Markos,Randa,0.203712,0.116844,0.050414,0.174728,0.148426,0.083562,0.041165,0.113689,0.000000,0.067459
252,Marquardt,Nate,0.105482,0.184418,0.068107,0.079578,0.070690,0.161228,0.089734,0.134321,0.000000,0.106442
125,Martin,Anthony Rocco,0.026030,0.112846,0.065036,0.119554,0.123706,0.116241,0.065057,0.165874,0.000000,0.205657
99,Masvidal,Jorge,0.154061,0.108846,0.081723,0.059211,0.059470,0.174785,0.133537,0.154760,0.000000,0.073607
251,Matthews,Jake,0.043751,0.078407,0.040066,0.203259,0.134983,0.086704,0.000000,0.095197,0.139901,0.177731
311,Matyushenko,Vladimir,0.077450,0.035069,0.013875,0.244366,0.097079,0.117375,0.000000,0.096130,0.189636,0.129021
184,Maynard,Gray,0.042617,0.178111,0.045642,0.140965,0.124049,0.130276,0.000000,0.140248,0.052566,0.145525
121,McGee,Court,0.043886,0.205273,0.170122,0.027624,0.114598,0.076877,0.099253,0.135082,0.000000,0.127286
377,McGregor,Conor,0.113410,0.125922,0.099956,0.091873,0.128209,0.094164,0.074674,0.140293,0.000000,0.131499
181,McMann,Sara,0.185314,0.049848,0.070301,0.205607,0.143086,0.072099,0.013971,0.158962,0.000000,0.100812
108,Means,Tim,0.089404,0.115830,0.163193,0.076482,0.154454,0.048400,0.121039,0.120852,0.000000,0.110347
191,Medeiros,Yancy,0.108434,0.098472,0.130156,0.109646,0.171802,0.050570,0.092774,0.132082,0.000000,0.106064
155,Meerschaert,Gerald,0.102775,0.097631,0.136356,0.073721,0.116783,0.074592,0.140881,0.158485,0.000000,0.098776
268,Mendes,Chad,0.089788,0.097895,0.156251,0.087644,0.187343,0.038184,0.106817,0.119282,0.000000,0.116795
320,Miller,Jim,0.279528,0.043189,0.043787,0.145885,0.069816,0.144496,0.082845,0.153654,0.000000,0.036800
317,Miller,Dan,0.000000,0.081618,0.087210,0.180131,0.204082,0.034881,0.010285,0.137907,0.024255,0.239632
58,Miller,Cole,0.068502,0.136739,0.108980,0.069240,0.086435,0.124300,0.086194,0.178278,0.000000,0.141333
324,Miocic,Stipe,0.106851,0.058636,0.011214,0.167599,0.066985,0.156340,0.000000,0.070891,0.266433,0.095051
45,Mir,Frank,0.169463,0.169419,0.000000,0.126838,0.056400,0.226636,0.051802,0.112505,0.018418,0.068520
274,Mitrione,Matt,0.035676,0.074984,0.148021,0.101900,0.177953,0.031104,0.098179,0.145631,0.000000,0.186552
102,Mizugaki,Takeya,0.080432,0.114426,0.073700,0.105969,0.084308,0.143082,0.098364,0.180650,0.000000,0.119070
96,Modafferi,Roxanne,0.147512,0.102901,0.123158,0.091416,0.121526,0.075098,0.126731,0.135593,0.000000,0.076067
269,Moicano,Renato,0.097306,0.086027,0.089042,0.116229,0.116722,0.102028,0.092115,0.174636,0.000000,0.125894
37,Moraes,Sergio,0.069698,0.114779,0.157533,0.075474,0.170248,0.044164,0.112105,0.123760,0.000000,0.132239
218,Moraga,John,0.101816,0.096960,0.149328,0.063466,0.119765,0.065012,0.180454,0.133336,0.000000,0.089864
175,Moreno,Brandon,0.010641,0.135682,0.061835,0.107793,0.104782,0.133877,0.052751,0.171650,0.000000,0.220990
313,Morono,Alex,0.198585,0.082378,0.095676,0.112256,0.119191,0.083469,0.103904,0.129513,0.000000,0.075028
50,Mousasi,Gegard,0.318953,0.059953,0.000000,0.148642,0.034975,0.212786,0.045406,0.140493,0.016525,0.022267
262,Muhammad,Belal,0.070476,0.157367,0.147810,0.071157,0.139162,0.064120,0.107921,0.120862,0.000000,0.121125
156,Munhoz,Pedro,0.091966,0.118040,0.170240,0.062364,0.134256,0.052235,0.150477,0.122867,0.000000,0.097555
34,Munoz,Mark,0.047819,0.079250,0.012343,0.175443,0.068718,0.184793,0.000000,0.111194,0.183403,0.137037
166,Murphy,Lauren,0.082666,0.118876,0.107114,0.085513,0.129159,0.084967,0.119384,0.143330,0.000000,0.128991
149,Nakamura,Keita,0.072162,0.105072,0.153874,0.058737,0.123682,0.068063,0.165307,0.138748,0.000000,0.114355
98,Namajunas,Rose,0.060414,0.135108,0.118655,0.061213,0.101141,0.101469,0.121688,0.166045,0.000000,0.134265
21,Natal,Rafael,0.000000,0.139821,0.096726,0.080918,0.117561,0.108055,0.063511,0.155217,0.011789,0.226401
321,Neer,Josh,0.069020,0.123791,0.109682,0.075772,0.111901,0.103363,0.121114,0.148912,0.000000,0.136445
90,Nelson,Roy,0.169299,0.080780,0.119246,0.090967,0.113352,0.079786,0.138576,0.137465,0.000000,0.070528
209,Ngannou,Francis,0.150516,0.073677,0.014570,0.192660,0.078100,0.144701,0.000000,0.096669,0.155905,0.093202
48,Nijem,Ramsey,0.054327,0.118644,0.090979,0.115404,0.125647,0.101627,0.069091,0.168059,0.000000,0.156222
366,Nogueira,Antonio Rodrigo,0.000000,0.112281,0.079240,0.100806,0.110808,0.109844,0.074113,0.118866,0.085504,0.208537
169,Nogueira,Rogerio,0.097482,0.110176,0.150732,0.060684,0.127922,0.062699,0.173425,0.122105,0.000000,0.094774
167,Noke,Kyle,0.113684,0.117216,0.151184,0.073072,0.137250,0.058907,0.134491,0.124637,0.000000,0.089561
190,Nunes,Amanda,0.078755,0.112181,0.141952,0.069189,0.125593,0.068547,0.144073,0.149239,0.000000,0.110471
4,Nurmagomedov,Khabib,0.000000,0.055478,0.052307,0.184518,0.153119,0.064050,0.017291,0.089647,0.169580,0.214011
12,Oezdemir,Volkan,0.072304,0.120891,0.146175,0.056591,0.116893,0.074396,0.163136,0.139928,0.000000,0.109686
256,Okami,Yushin,0.160843,0.124401,0.120695,0.080610,0.120933,0.075565,0.114082,0.118915,0.000000,0.083957
225,Oleinik,Aleksei,0.036358,0.071763,0.011375,0.152456,0.060186,0.172285,0.000000,0.074576,0.298890,0.122113
129,Oliveira,Alex,0.168448,0.122126,0.077948,0.082330,0.073502,0.154834,0.105061,0.144556,0.000000,0.071195
10,Oliveira,Charles,0.175420,0.072423,0.000000,0.147187,0.045577,0.226743,0.046583,0.151867,0.029375,0.104825
378,Ortiz,Dustin,0.107339,0.092537,0.157994,0.070646,0.132658,0.056429,0.158718,0.131986,0.000000,0.091692
66,Ortiz,Tito,0.128485,0.108552,0.093561,0.095708,0.104912,0.107645,0.114294,0.152970,0.000000,0.093873
265,Overeem,Alistair,0.000000,0.193214,0.127664,0.057382,0.127201,0.075896,0.075980,0.111024,0.033045,0.198594
211,Palhares,Rousimar,0.093425,0.098913,0.136469,0.071338,0.125037,0.067688,0.148758,0.146103,0.000000,0.112270
240,Pantoja,Alexandre,0.111442,0.105753,0.101747,0.089249,0.106539,0.108639,0.128041,0.155584,0.000000,0.093005
77,Parisyan,Karo,0.065638,0.098619,0.128393,0.079055,0.105196,0.100780,0.125274,0.171391,0.000000,0.125653
115,Pearson,Ross,0.100778,0.098808,0.172268,0.065029,0.137834,0.049990,0.156816,0.123745,0.000000,0.094733
253,Pellegrino,Kurt,0.025071,0.160315,0.004737,0.144620,0.044172,0.209596,0.000000,0.111190,0.143183,0.157117
168,Penn,BJ,0.108500,0.156466,0.137232,0.065685,0.111455,0.079063,0.133385,0.121776,0.000000,0.086438
393,Pennington,Raquel,0.096634,0.092475,0.173688,0.069891,0.139941,0.050107,0.138259,0.135548,0.000000,0.103457
390,Pepey,Godofredo,0.086337,0.117725,0.180492,0.060475,0.149203,0.041972,0.144367,0.113927,0.000000,0.105502
188,Perez,Alejandro,0.000000,0.115143,0.084050,0.092004,0.116733,0.107907,0.080466,0.160502,0.003351,0.239845
107,Perosh,Anthony,0.074534,0.116114,0.141684,0.061419,0.110652,0.076859,0.146550,0.156624,0.000000,0.115563
375,Perry,Mike,0.049036,0.084256,0.015393,0.150793,0.063861,0.180924,0.000000,0.113951,0.212323,0.129461
304,Pettis,Anthony,0.076030,0.088272,0.093519,0.144276,0.187796,0.063431,0.054920,0.137758,0.000000,0.153998
345,Pettis,Sergio,0.023122,0.113135,0.110420,0.062044,0.092186,0.116072,0.129512,0.178926,0.000000,0.174583
7,Philippou,Constantinos,0.110810,0.132270,0.148536,0.073135,0.138804,0.059281,0.126375,0.119510,0.000000,0.091279
296,Pickett,Brad,0.053355,0.162602,0.107096,0.079592,0.131373,0.089996,0.104729,0.134062,0.000000,0.137194
52,Pierce,Mike,0.105273,0.090430,0.132655,0.064019,0.095863,0.093562,0.164773,0.158932,0.000000,0.094495
3,Poirier,Dustin,0.107584,0.103055,0.113059,0.079514,0.117524,0.083083,0.153161,0.142248,0.000000,0.100773
124,Pokrajac,Igor,0.092520,0.096801,0.147400,0.091333,0.177078,0.042409,0.110168,0.123011,0.000000,0.119280
158,Ponzinibbio,Santiago,0.054490,0.111352,0.119418,0.088170,0.131700,0.088705,0.104418,0.155893,0.000000,0.145855
353,Prazeres,Michel,0.025521,0.170972,0.141556,0.074475,0.174871,0.046572,0.082593,0.107566,0.000000,0.175873
337,Price,Niko,0.028445,0.059814,0.136585,0.131765,0.225970,0.014705,0.094586,0.131288,0.000000,0.176841
382,Pyle,Mike,0.091105,0.113841,0.143184,0.059001,0.106247,0.079631,0.168977,0.142087,0.000000,0.095927
122,Quarry,Nate,0.044369,0.035240,0.030878,0.270503,0.166505,0.071398,0.000000,0.112373,0.093288,0.175446
70,Ray,Stevie,0.091822,0.120528,0.158020,0.061430,0.115108,0.069429,0.140536,0.142585,0.000000,0.100543
132,Reis,Wilson,0.062811,0.088471,0.117440,0.113114,0.141030,0.068417,0.080066,0.162196,0.000000,0.166455
293,Reneau,Marion,0.062945,0.035772,0.053365,0.184171,0.123187,0.111693,0.053598,0.193425,0.000000,0.181843
331,Riggs,Joe,0.076089,0.160093,0.166708,0.056313,0.141118,0.051676,0.126685,0.110644,0.000000,0.110674
235,Rivera,Jimmie,0.208611,0.091552,0.077132,0.113011,0.105090,0.103408,0.102737,0.129551,0.000000,0.068907
302,Rivera,Jorge,0.056563,0.102717,0.166277,0.068305,0.163009,0.043588,0.124639,0.128979,0.000000,0.145924
185,Rivera,Francisco,0.117573,0.089565,0.027661,0.178436,0.131105,0.125006,0.051838,0.151674,0.000000,0.127142
264,Rizzo,Pedro,0.038103,0.110190,0.160622,0.069208,0.146186,0.055259,0.112495,0.142715,0.000000,0.165223
249,Roberts,Danny,0.028471,0.110621,0.110250,0.115262,0.179643,0.044686,0.063013,0.135061,0.000000,0.212993
81,Robertson,Gillian,0.092472,0.094842,0.084552,0.102715,0.087133,0.135707,0.093996,0.189249,0.000000,0.119334
0,Rockhold,Luke,0.031622,0.152018,0.000000,0.083402,0.031066,0.293880,0.011382,0.179968,0.059856,0.156806
307,Rodriguez,Yair,0.030385,0.089730,0.034787,0.166304,0.107591,0.121618,0.000000,0.089321,0.205122,0.155141
255,Rogerio de Lima,Marcos,0.062131,0.079265,0.000000,0.133896,0.035260,0.261719,0.045696,0.140637,0.117995,0.123402
384,Romero,Yoel,0.055879,0.173572,0.070616,0.050137,0.036928,0.224539,0.106562,0.170114,0.000000,0.111652
87,Roop,George,0.073459,0.124260,0.152780,0.065625,0.139823,0.061111,0.140752,0.126578,0.000000,0.115612
91,Rosa,Charles,0.113945,0.107866,0.123496,0.085993,0.119069,0.078571,0.114219,0.153286,0.000000,0.103555
275,Rothwell,Ben,0.046321,0.091583,0.135464,0.080342,0.140581,0.063057,0.120530,0.158161,0.000000,0.163961
170,Rountree Jr.,Khalil,0.042268,0.082597,0.149538,0.120675,0.238119,0.000000,0.071366,0.105105,0.008168,0.182165
30,Rua,Mauricio,0.076143,0.180718,0.062627,0.094000,0.072333,0.169360,0.079300,0.156443,0.000000,0.109077
53,Sadollah,Amir,0.020630,0.105416,0.112389,0.096158,0.117322,0.092934,0.065439,0.179052,0.000000,0.210662
232,Saenz,Frankie,0.052994,0.140565,0.133727,0.058805,0.116501,0.082312,0.124899,0.144342,0.000000,0.145857
117,Saint Preux,Ovince,0.085446,0.109700,0.171517,0.057377,0.123370,0.060042,0.162940,0.129435,0.000000,0.100173
186,Sakara,Alessio,0.081638,0.102400,0.182829,0.067226,0.153341,0.043420,0.126313,0.128093,0.000000,0.114739
396,Sanchez,Andrew,0.106171,0.134442,0.146998,0.068666,0.123476,0.067724,0.136462,0.126128,0.000000,0.089933
193,Sanchez,Diego,0.170336,0.082886,0.109217,0.086045,0.105914,0.086956,0.143139,0.143218,0.000000,0.072290
150,Sandhagen,Cory,0.032209,0.035501,0.023589,0.173005,0.120519,0.141556,0.000000,0.163104,0.081953,0.228566
346,Santos,Thiago,0.095593,0.108087,0.129744,0.070374,0.113148,0.082707,0.154097,0.150088,0.000000,0.096163
234,Santos,Leonardo,0.061198,0.168122,0.143928,0.061526,0.130184,0.068136,0.113243,0.125247,0.000000,0.128416
100,Saunders,Ben,0.047371,0.039490,0.014691,0.203864,0.087660,0.127017,0.000000,0.083498,0.258853,0.137557
203,Schaub,Brendan,0.072433,0.043168,0.042490,0.216765,0.139701,0.082447,0.000000,0.101369,0.140120,0.161508
198,Serra,Matt,0.076933,0.085942,0.043735,0.198787,0.153670,0.081969,0.000000,0.079538,0.145970,0.133455
2,Sherk,Sean,0.039907,0.020646,0.043650,0.282550,0.224155,0.025613,0.000000,0.104911,0.081607,0.176961
1,Sherman,Chase,0.092344,0.106563,0.147105,0.055169,0.111531,0.074342,0.186971,0.133090,0.000000,0.092885
27,Shevchenko,Valentina,0.000000,0.095235,0.082770,0.107566,0.112277,0.103665,0.063437,0.146692,0.055510,0.232849
271,Sicilia,Sam,0.094570,0.182727,0.125380,0.063677,0.104546,0.086280,0.112565,0.124013,0.000000,0.106243
59,Silva,Thiago,0.069337,0.117746,0.171396,0.063940,0.149727,0.047808,0.129105,0.128841,0.000000,0.122099
42,Silva,Anderson,0.031743,0.230002,0.100649,0.035769,0.065405,0.152396,0.101297,0.139835,0.000000,0.142904
194,Silva,Antonio,0.067246,0.125617,0.109855,0.089190,0.119158,0.086301,0.089357,0.156222,0.000000,0.157055
243,Silva,Wanderlei,0.076841,0.109489,0.150699,0.107339,0.210893,0.020397,0.090887,0.106930,0.000000,0.126525
130,Silva,Erick,0.088235,0.112593,0.175523,0.059245,0.131506,0.054307,0.154755,0.124304,0.000000,0.099532
332,Simpson,Aaron,0.115844,0.105484,0.131583,0.064465,0.109821,0.081542,0.175173,0.133307,0.000000,0.082782
139,Siver,Dennis,0.080497,0.121885,0.156850,0.072843,0.136956,0.059684,0.126883,0.132580,0.000000,0.111823
110,Skelly,Chas,0.117180,0.079650,0.099666,0.106368,0.102802,0.102152,0.123180,0.169589,0.000000,0.099414
385,Smith,Trevor,0.221979,0.088968,0.095013,0.106454,0.112738,0.088234,0.100854,0.126804,0.000000,0.058955
330,Smith,Anthony,0.056243,0.142824,0.164286,0.067051,0.149084,0.049787,0.098786,0.133663,0.000000,0.138276
325,Smolka,Louis,0.135401,0.123138,0.108947,0.072107,0.097057,0.104832,0.150755,0.133296,0.000000,0.074468
44,Sobotta,Peter,0.043466,0.151550,0.133271,0.081179,0.162188,0.055381,0.085077,0.121494,0.000000,0.166394
329,Sobral,Renato,0.039916,0.203652,0.151336,0.063770,0.166432,0.043191,0.079110,0.101583,0.000000,0.151010
101,Sonnen,Chael,0.080583,0.096470,0.148556,0.082445,0.162412,0.050406,0.127090,0.136259,0.000000,0.115780
202,Sotiropoulos,George,0.000000,0.091076,0.063603,0.112441,0.076035,0.152674,0.046429,0.157817,0.085229,0.214698
177,Souza,Jacare,0.066174,0.090019,0.137643,0.088434,0.172341,0.044950,0.123516,0.132662,0.000000,0.144262
146,St-Pierre,Georges,0.064402,0.236253,0.123948,0.036782,0.084754,0.115000,0.112104,0.115504,0.000000,0.111253
278,Stamann,Cody,0.090953,0.111774,0.159160,0.059440,0.117964,0.066716,0.152938,0.139557,0.000000,0.101499
128,Stann,Brian,0.014687,0.134744,0.000000,0.150659,0.064400,0.249312,0.018922,0.164735,0.034819,0.167722
35,Stephens,Jeremy,0.080902,0.133105,0.147912,0.070154,0.131050,0.065687,0.121364,0.137168,0.000000,0.112658
303,Sterling,Aljamain,0.106330,0.098062,0.132744,0.065691,0.106892,0.079280,0.174829,0.145342,0.000000,0.090829
176,Stevenson,Joe,0.085703,0.105858,0.134051,0.069634,0.112649,0.079425,0.126797,0.161498,0.000000,0.124385
242,Stewart,Darren,0.142633,0.101076,0.046817,0.112475,0.051466,0.191454,0.094341,0.179551,0.000000,0.080188
133,Story,Rick,0.044726,0.080770,0.020868,0.197321,0.106646,0.138668,0.000000,0.107199,0.136504,0.167298
116,Stout,Sam,0.096810,0.129820,0.122369,0.075556,0.118964,0.089871,0.128770,0.138559,0.000000,0.099281
20,Strickland,Sean,0.081118,0.100046,0.175216,0.065234,0.154251,0.038691,0.148542,0.121857,0.000000,0.115045
363,Struve,Stefan,0.095229,0.161201,0.126559,0.072323,0.125387,0.077714,0.120506,0.123349,0.000000,0.097733
323,Swanson,Cub,0.123992,0.096890,0.000000,0.155343,0.049954,0.257776,0.019841,0.192994,0.003353,0.099857
239,Swick,Mike,0.330514,0.047405,0.053507,0.138683,0.087964,0.119611,0.079234,0.119436,0.000000,0.023646
60,Sylvia,Tim,0.084384,0.120591,0.173323,0.051106,0.122078,0.062205,0.155755,0.129856,0.000000,0.100701
104,Taleb,Nordine,0.075744,0.127702,0.166902,0.061416,0.129655,0.060120,0.137202,0.132601,0.000000,0.108658
212,Tanner,Evan,0.099989,0.098542,0.156911,0.074124,0.147038,0.052523,0.150785,0.125717,0.000000,0.094371
272,Tate,Miesha,0.113003,0.106048,0.124320,0.081060,0.129281,0.073615,0.152705,0.130304,0.000000,0.089664
19,Tavares,Brad,0.062397,0.116749,0.166362,0.063555,0.140652,0.058454,0.127284,0.137327,0.000000,0.127219
205,Tavares,Thiago,0.119126,0.102288,0.115191,0.108194,0.169763,0.051580,0.079689,0.120213,0.000000,0.133958
380,Te Huna,James,0.000000,0.102491,0.017527,0.123945,0.062329,0.222055,0.039386,0.154859,0.083866,0.193541
187,Teixeira,Glover,0.080940,0.108114,0.170350,0.068136,0.135707,0.057978,0.132491,0.136298,0.000000,0.109986
78,Theodorou,Elias,0.000000,0.246077,0.073207,0.093354,0.106920,0.115353,0.035484,0.107428,0.030938,0.191239
